samplerate=143.5824491518903
quantization=0.012890625