samplerate=186.5184593082372
quantization=0.012890625