samplerate=106.487160800398
quantization=0.012890625